65,4
67,4
65,26
65,25
65,24
65,23
65,22
67,20
67,19
67,18
67,17
65,9
65,7
67,8
67,7
65,21
129,36
129,35
49,4
62,1
62,5
38,6
38,5
38,4
38,1
38,3
49,1
49,3
10,250
10,97
10,110
10,159
10,222
10,12
10,235
10,2
10,3
11,27
11,26
11,22
11,11
11,30
11,6
11,21
11,2
11,3
9,4
9,6
8,16
8,15
8,13
8,5
8,4
8,10
73,4
73,3
73,2
73,1
73,0
72,5
72,4
72,3
12,2
72,2
12,1
72,1
72,0
71,4
71,3
71,2
71,1
71,0
70,5
70,4
70,3
12,3
70,2
70,1
70,0
69,4
69,3
69,2
69,1
69,0
67,16
67,15
67,14
67,13
67,12
67,11
67,10
67,9
67,6
67,5
67,3
67,2
67,1
67,0
66,6
66,5
66,4
66,3
66,2
20,2
20,1
20,3
66,1
66,0
65,20
65,19
65,18
65,17
65,16
65,15
65,14
65,13
65,12
65,11
65,10
65,8
65,6
65,5
65,3
65,2
65,1
65,0
64,5
64,3
64,1
48,4
48,1
46,3
46,1
